-0.29727473855018616, 0.08354464173316956
0.18551363050937653, 0.084438756108284
0.5384342074394226, 0.08509236574172974
0.6341462731361389, 0.046301595866680145
0.3772771656513214, 0.046150095760822296
0.27446693181991577, 0.052419669926166534
0.2591686248779297, 0.05255432426929474
0.1978287398815155, 0.052592579275369644
0.12867037951946259, -0.01721729338169098
0.13218972086906433, -0.14780794084072113
0.03939438611268997, -0.12264333665370941
-0.0041396901942789555, -0.12259048223495483
-0.06798675656318665, -0.12259728461503983
-0.20487596094608307, -0.12263691425323486
-0.22936372458934784, -0.12266533821821213
-0.3078935742378235, -0.14780081808567047
-0.3603883981704712, -0.12219837307929993
-0.3635512590408325, 0.0027896270621567965
-0.3635512590408325, 0.0027896270621567965
-0.29727473855018616, 0.08354464173316956
0.18551363050937653, 0.084438756108284
0.1978287398815155, 0.052592579275369644
0.13218972086906433, -0.14780794084072113
-0.3078935742378235, -0.14780081808567047
-0.3603883981704712, -0.12219837307929993
0.18551363050937653, 0.084438756108284
0.5384342074394226, 0.08509236574172974
0.6341462731361389, 0.046301595866680145
0.3772771656513214, 0.046150095760822296
0.1978287398815155, 0.052592579275369644
