-0.21122197806835175, 0.23808380961418152
0.22021321952342987, 0.2372787892818451
0.22275249660015106, 0.10198646783828735
0.2200234979391098, -0.15672464668750763
0.18719200789928436, -0.24119654297828674
-0.21013720333576202, -0.24101024866104126
-0.2128978818655014, -0.15676087141036987
-0.21295391023159027, -0.021104436367750168
-0.21295391023159027, -0.021104436367750168
-0.21122197806835175, 0.23808380961418152
0.22021321952342987, 0.2372787892818451
0.22275249660015106, 0.10198646783828735
0.2200234979391098, -0.15672464668750763
0.18719200789928436, -0.24119654297828674
-0.21013720333576202, -0.24101024866104126
-0.2128978818655014, -0.15676087141036987
