-0.3630951941013336, 0.02807367593050003
-0.2172495424747467, 0.028741315007209778
0.5071605443954468, 0.026993779465556145
0.5028039216995239, -0.022981764748692513
0.4639831483364105, -0.056856315582990646
0.0196069348603487, -0.05948803573846817
-0.40820109844207764, -0.059239037334918976
-0.47453466057777405, 0.019986910745501518
-0.47453466057777405, 0.019986910745501518
-0.3630951941013336, 0.02807367593050003
-0.2172495424747467, 0.028741315007209778
0.5071605443954468, 0.026993779465556145
0.5028039216995239, -0.022981764748692513
0.4639831483364105, -0.056856315582990646
0.0196069348603487, -0.05948803573846817
-0.40820109844207764, -0.059239037334918976
