-0.05532069504261017, 0.20303253829479218
0.024288779124617577, 0.20293806493282318
0.08500701934099197, 0.17323791980743408
0.11875647306442261, 0.12496241927146912
0.12186657637357712, 0.06751589477062225
0.1221378743648529, -0.08914758265018463
0.08523033559322357, -0.1834505945444107
-0.09781886637210846, -0.1832582652568817
-0.11562653630971909, -0.0683264285326004
-0.11313413828611374, 0.18629345297813416
-0.11562653630971909, -0.0683264285326004
-0.11313413828611374, 0.18629345297813416
-0.05532069504261017, 0.20303253829479218
0.024288779124617577, 0.20293806493282318
0.08500701934099197, 0.17323791980743408
0.11875647306442261, 0.12496241927146912
0.12186657637357712, 0.06751589477062225
0.1221378743648529, -0.08914758265018463
0.08523033559322357, -0.1834505945444107
-0.09781886637210846, -0.1832582652568817
