-0.0604766383767128, 0.0028053135611116886
-0.06006564572453499, 0.09864691644906998
0.06345007568597794, 0.10483914613723755
0.06125810369849205, -0.05981038510799408
0.05986044555902481, -0.11336581408977509
-0.05205387994647026, -0.11346486955881119
-0.0604766383767128, 0.0028053135611116886
-0.06006564572453499, 0.09864691644906998
0.06345007568597794, 0.10483914613723755
0.06125810369849205, -0.05981038510799408
0.05986044555902481, -0.11336581408977509
-0.05205387994647026, -0.11346486955881119
