0.035691291093826294, 0.0571296326816082
0.4693167209625244, 0.10603116452693939
0.4743994474411011, 0.029538029804825783
0.4189537465572357, 0.009107199497520924
0.010343438014388084, 0.01183738000690937
-0.01567293517291546, -0.08590009063482285
-0.1412811428308487, -0.10545078665018082
-0.3218507468700409, -0.1052473857998848
-0.4344194829463959, -0.07455660402774811
-0.4489196538925171, -0.0016387796495109797
-0.33391690254211426, 0.016950368881225586
-0.12931787967681885, 0.030796121805906296
-0.004511971492320299, 0.005665810778737068
0.010343438014388084, 0.01183738000690937
0.035691291093826294, 0.0571296326816082
0.4693167209625244, 0.10603116452693939
0.4743994474411011, 0.029538029804825783
0.4189537465572357, 0.009107199497520924
-0.4489196538925171, -0.0016387796495109797
-0.33391690254211426, 0.016950368881225586
-0.12931787967681885, 0.030796121805906296
-0.004511971492320299, 0.005665810778737068
-0.01567293517291546, -0.08590009063482285
-0.1412811428308487, -0.10545078665018082
-0.3218507468700409, -0.1052473857998848
-0.4344194829463959, -0.07455660402774811
