-0.2533549666404724, -0.08759890496730804
-0.31864801049232483, -0.051638003438711166
-0.3417377769947052, 0.08514971286058426
-0.31714972853660583, 0.13521933555603027
-0.19908151030540466, 0.16059601306915283
0.2547302842140198, 0.15787380933761597
0.28403225541114807, 0.08619195222854614
0.28751853108406067, -0.07296023517847061
0.2694455087184906, -0.16265596449375153
0.2418884038925171, -0.2328733652830124
0.08983547240495682, -0.22637011110782623
-0.2533549666404724, -0.08759890496730804
-0.2231878936290741, -0.1611541360616684
-0.3417377769947052, 0.08514971286058426
-0.31714972853660583, 0.13521933555603027
-0.19908151030540466, 0.16059601306915283
0.2547302842140198, 0.15787380933761597
0.28403225541114807, 0.08619195222854614
0.28751853108406067, -0.07296023517847061
0.2694455087184906, -0.16265596449375153
0.2418884038925171, -0.2328733652830124
0.08983547240495682, -0.22637011110782623
-0.2533549666404724, -0.08759890496730804
-0.31864801049232483, -0.051638003438711166
-0.2533549666404724, -0.08759890496730804
-0.2231878936290741, -0.1611541360616684
