-0.14580340683460236, 0.14319826662540436
0.12295638024806976, 0.2487499862909317
0.2212401032447815, 0.24854522943496704
0.23650608956813812, 0.1475522220134735
0.23781175911426544, -0.026029009371995926
0.23283013701438904, -0.22970256209373474
0.1399715393781662, -0.24600432813167572
-0.18285566568374634, -0.24651962518692017
-0.24327535927295685, -0.24218794703483582
-0.2566135823726654, -0.19060193002223969
-0.2599586844444275, -0.13213633000850677
-0.2605839669704437, 0.09331260621547699
-0.2605839669704437, 0.09331260621547699
-0.14580340683460236, 0.14319826662540436
0.12295638024806976, 0.2487499862909317
0.2212401032447815, 0.24854522943496704
0.23650608956813812, 0.1475522220134735
0.23781175911426544, -0.026029009371995926
0.23283013701438904, -0.22970256209373474
0.1399715393781662, -0.24600432813167572
-0.18285566568374634, -0.24651962518692017
-0.24327535927295685, -0.24218794703483582
-0.2566135823726654, -0.19060193002223969
-0.2599586844444275, -0.13213633000850677
