-0.30947279930114746, -0.11097902059555054
-0.26916664838790894, -0.14426925778388977
-0.3089338541030884, 0.07833993434906006
0.39201557636260986, 0.07306747138500214
0.45091190934181213, 0.03669104725122452
0.4234689176082611, -0.0070307496935129166
-0.3080444633960724, -0.08421039581298828
-0.30947279930114746, -0.11097902059555054
-0.26916664838790894, -0.14426925778388977
-0.3089338541030884, 0.07833993434906006
0.39201557636260986, 0.07306747138500214
0.45091190934181213, 0.03669104725122452
0.4234689176082611, -0.0070307496935129166
-0.3080444633960724, -0.08421039581298828
