-0.11081288754940033, 0.06994063407182693
0.02178909070789814, 0.07334314286708832
0.12016797810792923, 0.07331825792789459
0.12586311995983124, -0.001710695680230856
0.1255289763212204, -0.08037026226520538
-0.11768648028373718, -0.07164191454648972
-0.11768648028373718, -0.07164191454648972
-0.11081288754940033, 0.06994063407182693
0.02178909070789814, 0.07334314286708832
0.12016797810792923, 0.07331825792789459
0.12586311995983124, -0.001710695680230856
0.1255289763212204, -0.08037026226520538
