-0.22380781173706055, 0.0586555190384388
-0.18788950145244598, 0.10830329358577728
0.1559058576822281, 0.10940583795309067
0.20756061375141144, 0.10306466370820999
0.2249913513660431, 0.022859102115035057
0.2246854305267334, -0.10648846626281738
0.03704267367720604, -0.13027189671993256
-0.19947707653045654, -0.1296040117740631
-0.258370578289032, -0.028767911717295647
-0.258370578289032, -0.028767911717295647
-0.22380781173706055, 0.0586555190384388
-0.18788950145244598, 0.10830329358577728
0.1559058576822281, 0.10940583795309067
0.20756061375141144, 0.10306466370820999
0.2249913513660431, 0.022859102115035057
0.2246854305267334, -0.10648846626281738
0.03704267367720604, -0.13027189671993256
-0.19947707653045654, -0.1296040117740631
