-0.04171369597315788, 0.19130097329616547
0.048564452677965164, 0.19204600155353546
0.06043911725282669, -0.06306371837854385
0.058896973729133606, -0.15702533721923828
0.04021802544593811, -0.20594695210456848
-0.023763518780469894, -0.1393708735704422
-0.057932376861572266, -0.03994176536798477
-0.0668565183877945, 0.138323113322258
-0.0668565183877945, 0.138323113322258
-0.04171369597315788, 0.19130097329616547
0.048564452677965164, 0.19204600155353546
0.06043911725282669, -0.06306371837854385
0.058896973729133606, -0.15702533721923828
0.04021802544593811, -0.20594695210456848
-0.023763518780469894, -0.1393708735704422
-0.057932376861572266, -0.03994176536798477
