-0.1448047012090683, -0.3163864016532898
-0.14760373532772064, -0.4290464222431183
-0.21554771065711975, -0.4289928674697876
-0.23570699989795685, -0.3663971424102783
-0.1998962163925171, -0.3178809881210327
-0.13947398960590363, -0.27847757935523987
-0.1279975175857544, 0.14425675570964813
-0.1242666244506836, 0.22398501634597778
-0.10678546130657196, 0.28044354915618896
-0.004206037614494562, 0.2818959057331085
0.15362714231014252, 0.28185805678367615
0.1644192337989807, -0.011625213548541069
0.16128912568092346, -0.20942313969135284
-0.23570699989795685, -0.3663971424102783
-0.1998962163925171, -0.3178809881210327
-0.1448047012090683, -0.3163864016532898
-0.14760373532772064, -0.4290464222431183
-0.21554771065711975, -0.4289928674697876
-0.13947398960590363, -0.27847757935523987
-0.1279975175857544, 0.14425675570964813
-0.1242666244506836, 0.22398501634597778
-0.10678546130657196, 0.28044354915618896
-0.004206037614494562, 0.2818959057331085
0.15362714231014252, 0.28185805678367615
0.1644192337989807, -0.011625213548541069
0.16128912568092346, -0.20942313969135284
