-0.14798550307750702, 0.05268782749772072
-0.11895765364170074, 0.09646515548229218
0.0013141385279595852, 0.09756482392549515
0.1769542247056961, 0.09761664271354675
0.1370321363210678, -0.09103067219257355
-0.017579959705471992, -0.11640290915966034
-0.13646535575389862, -0.11642719060182571
-0.15529757738113403, -0.015383974649012089
-0.15529757738113403, -0.015383974649012089
-0.14798550307750702, 0.05268782749772072
-0.11895765364170074, 0.09646515548229218
0.0013141385279595852, 0.09756482392549515
0.1769542247056961, 0.09761664271354675
0.1370321363210678, -0.09103067219257355
-0.017579959705471992, -0.11640290915966034
-0.13646535575389862, -0.11642719060182571
