-0.11563076078891754, -0.16312341392040253
-0.10355965793132782, 0.18187351524829865
-0.029177851974964142, 0.21914634108543396
0.02701132744550705, 0.21885888278484344
0.07439935207366943, 0.14089353382587433
0.08475255966186523, -0.06411707401275635
0.08516981452703476, -0.14761701226234436
0.05835587903857231, -0.24272863566875458
-0.04305647313594818, -0.23862038552761078
-0.11563076078891754, -0.16312341392040253
-0.10355965793132782, 0.18187351524829865
-0.029177851974964142, 0.21914634108543396
0.02701132744550705, 0.21885888278484344
0.07439935207366943, 0.14089353382587433
0.08475255966186523, -0.06411707401275635
0.08516981452703476, -0.14761701226234436
0.05835587903857231, -0.24272863566875458
-0.04305647313594818, -0.23862038552761078
