-0.11096325516700745, 0.13395008444786072
-0.04167550429701805, 0.13602034747600555
0.02531152218580246, 0.13458400964736938
0.12147791683673859, 0.09158574044704437
0.1274944394826889, -0.012811136431992054
0.12338094413280487, -0.14718325436115265
-0.09149598330259323, -0.16974154114723206
-0.10896921902894974, -0.06985518336296082
-0.11186448484659195, -0.014537946321070194
-0.11186448484659195, -0.014537946321070194
-0.11096325516700745, 0.13395008444786072
-0.04167550429701805, 0.13602034747600555
0.02531152218580246, 0.13458400964736938
0.12147791683673859, 0.09158574044704437
0.1274944394826889, -0.012811136431992054
0.12338094413280487, -0.14718325436115265
-0.09149598330259323, -0.16974154114723206
-0.10896921902894974, -0.06985518336296082
