-0.1679423749446869, 0.5083062648773193
-0.10847913473844528, 0.5452930927276611
0.10211803019046783, 0.49950629472732544
0.19165997207164764, 0.00522580835968256
0.19106478989124298, -0.150787815451622
0.19033735990524292, -0.33275216817855835
0.14797726273536682, -0.4466133117675781
0.007583405822515488, -0.45325028896331787
-0.0692075788974762, -0.45169270038604736
-0.12588366866111755, -0.44631052017211914
-0.1983611136674881, 0.3485860526561737
-0.1988995224237442, 0.4663006067276001
-0.1988995224237442, 0.4663006067276001
-0.1679423749446869, 0.5083062648773193
-0.10847913473844528, 0.5452930927276611
0.10211803019046783, 0.49950629472732544
0.19165997207164764, 0.00522580835968256
0.19106478989124298, -0.150787815451622
0.19033735990524292, -0.33275216817855835
0.14797726273536682, -0.4466133117675781
0.007583405822515488, -0.45325028896331787
-0.0692075788974762, -0.45169270038604736
-0.12588366866111755, -0.44631052017211914
-0.1983611136674881, 0.3485860526561737
