-0.506058931350708, -0.014643585309386253
0.13995924592018127, 0.1733521670103073
0.39179351925849915, 0.1722392588853836
0.4038354158401489, 0.10437709838151932
0.41985785961151123, -0.08745532482862473
0.35494092106819153, -0.10303507000207901
0.14120765030384064, -0.10177114605903625
-0.492111474275589, -0.08647993206977844
-0.5571742057800293, -0.030646074563264847
-0.5571742057800293, -0.030646074563264847
-0.506058931350708, -0.014643585309386253
0.13995924592018127, 0.1733521670103073
0.39179351925849915, 0.1722392588853836
0.4038354158401489, 0.10437709838151932
0.41985785961151123, -0.08745532482862473
0.35494092106819153, -0.10303507000207901
0.14120765030384064, -0.10177114605903625
-0.492111474275589, -0.08647993206977844
