0.3908527195453644, 0.2070961594581604
0.38938915729522705, -0.15460586547851562
0.29759636521339417, -0.18086093664169312
0.24596163630485535, -0.19177629053592682
0.1256866604089737, -0.19349241256713867
-0.19125224649906158, -0.1936303973197937
-0.290243923664093, -0.18966376781463623
-0.3552068769931793, 0.16384117305278778
-0.3552068769931793, 0.16384117305278778
0.3908527195453644, 0.2070961594581604
0.38938915729522705, -0.15460586547851562
0.29759636521339417, -0.18086093664169312
0.24596163630485535, -0.19177629053592682
0.1256866604089737, -0.19349241256713867
-0.19125224649906158, -0.1936303973197937
-0.290243923664093, -0.18966376781463623
