-0.12202269583940506, 0.49456334114074707
0.11567983031272888, 0.49486595392227173
0.11816480755805969, 0.4330635666847229
0.11680571734905243, -0.2870655059814453
0.10540676862001419, -0.5364943146705627
0.00947665236890316, -0.5364804863929749
-0.1197347491979599, -0.5268704891204834
-0.12213027477264404, -0.384257435798645
-0.12429935485124588, -0.22612613439559937
-0.12429935485124588, -0.22612613439559937
-0.12202269583940506, 0.49456334114074707
0.11567983031272888, 0.49486595392227173
0.11816480755805969, 0.4330635666847229
0.11680571734905243, -0.2870655059814453
0.10540676862001419, -0.5364943146705627
0.00947665236890316, -0.5364804863929749
-0.1197347491979599, -0.5268704891204834
-0.12213027477264404, -0.384257435798645
