-0.4231025278568268, -0.02804097719490528
-0.4832386076450348, -0.04403595253825188
-0.344046026468277, 0.025109577924013138
0.10411513596773148, 0.02627434954047203
0.2517530918121338, 0.025751806795597076
0.5160964727401733, 0.023577412590384483
0.5043167471885681, -0.025366216897964478
0.44380471110343933, -0.028807932510972023
0.28499630093574524, -0.028674181550741196
-0.38239479064941406, -0.026720190420746803
-0.4832386076450348, -0.04403595253825188
-0.4231025278568268, -0.02804097719490528
-0.38239479064941406, -0.026720190420746803
-0.344046026468277, 0.025109577924013138
0.10411513596773148, 0.02627434954047203
0.2517530918121338, 0.025751806795597076
0.5160964727401733, 0.023577412590384483
0.5043167471885681, -0.025366216897964478
0.44380471110343933, -0.028807932510972023
0.28499630093574524, -0.028674181550741196
