-0.0394635871052742, 0.19964130222797394
0.020408345386385918, 0.217977836728096
0.04144049808382988, 0.13757862150669098
0.048704471439123154, -0.013208986259996891
0.04321911558508873, -0.20501798391342163
-0.004063778556883335, -0.23640677332878113
-0.04574458301067352, -0.0957934558391571
-0.04414081946015358, 0.017804032191634178
-0.04574458301067352, -0.0957934558391571
-0.04414081946015358, 0.017804032191634178
-0.0394635871052742, 0.19964130222797394
0.020408345386385918, 0.217977836728096
0.04144049808382988, 0.13757862150669098
0.048704471439123154, -0.013208986259996891
0.04321911558508873, -0.20501798391342163
-0.004063778556883335, -0.23640677332878113
