-0.46188974380493164, 0.14581355452537537
0.2585705816745758, 0.14850278198719025
0.47514230012893677, 0.14569512009620667
0.49738532304763794, 0.09453754872083664
0.4967009723186493, -0.15235808491706848
0.08616803586483002, -0.1508561223745346
0.018105266615748405, -0.14926403760910034
-0.4637482166290283, -0.028055693954229355
-0.4637482166290283, -0.028055693954229355
-0.46188974380493164, 0.14581355452537537
0.2585705816745758, 0.14850278198719025
0.47514230012893677, 0.14569512009620667
0.49738532304763794, 0.09453754872083664
0.4967009723186493, -0.15235808491706848
0.08616803586483002, -0.1508561223745346
0.018105266615748405, -0.14926403760910034
