-0.060778435319662094, 0.2394401580095291
0.13536863029003143, 0.2389412820339203
0.1731610745191574, -0.06942775845527649
0.15537671744823456, -0.22619131207466125
-0.12124460935592651, -0.22587256133556366
-0.24312448501586914, -0.1834155172109604
-0.24312448501586914, -0.1834155172109604
-0.060778435319662094, 0.2394401580095291
0.13536863029003143, 0.2389412820339203
0.1731610745191574, -0.06942775845527649
0.15537671744823456, -0.22619131207466125
-0.12124460935592651, -0.22587256133556366
