-0.20228828489780426, 0.209340900182724
0.06046135723590851, 0.21151432394981384
0.22945508360862732, 0.209517702460289
0.24453848600387573, 0.13160797953605652
0.2453964501619339, -0.1280866265296936
0.2304949313402176, -0.20541588962078094
0.046451639384031296, -0.20921945571899414
-0.10279828310012817, -0.20916402339935303
-0.18606212735176086, -0.20806211233139038
-0.2459108978509903, -0.20126138627529144
-0.25723010301589966, 0.03563515469431877
-0.2579779326915741, 0.20308201014995575
-0.2579779326915741, 0.20308201014995575
-0.20228828489780426, 0.209340900182724
0.06046135723590851, 0.21151432394981384
0.22945508360862732, 0.209517702460289
0.24453848600387573, 0.13160797953605652
0.2453964501619339, -0.1280866265296936
0.2304949313402176, -0.20541588962078094
0.046451639384031296, -0.20921945571899414
-0.10279828310012817, -0.20916402339935303
-0.18606212735176086, -0.20806211233139038
-0.2459108978509903, -0.20126138627529144
-0.25723010301589966, 0.03563515469431877
