-0.3602479100227356, 0.3355522155761719
0.018979083746671677, 0.3951663672924042
0.10327913612127304, 0.3518456518650055
0.11664816737174988, 0.2771071195602417
0.11538530141115189, 0.21878167986869812
0.10586081445217133, 0.1691504418849945
0.10909618437290192, 0.05099264159798622
0.10264486074447632, -0.03757829964160919
0.10530654340982437, -0.08402671664953232
0.15718704462051392, -0.12765787541866302
0.24189797043800354, -0.15737874805927277
0.37116867303848267, -0.1937115639448166
0.5920789837837219, -0.2697663903236389
0.6007716059684753, -0.37385156750679016
0.612130880355835, -0.44505244493484497
0.5948304533958435, -0.50164395570755
0.5263177752494812, -0.46477100253105164
0.46792781352996826, -0.46495160460472107
0.39921414852142334, -0.42683538794517517
0.31702667474746704, -0.3965734839439392
0.2595175504684448, -0.3784782588481903
0.18698062002658844, -0.33648374676704407
0.12057863920927048, -0.3072410523891449
0.13266272842884064, -0.2172994762659073
0.11989685893058777, -0.12982439994812012
0.0731864720582962, -0.10928408801555634
0.06158990412950516, -0.10418464243412018
0.03319272771477699, -0.10320774465799332
-0.15748700499534607, -0.10163553804159164
-0.3735080659389496, -0.07945015281438828
-0.3589361608028412, 0.01569131575524807
-0.36326712369918823, 0.09863154590129852
-0.38004106283187866, 0.1724422127008438
-0.3798636496067047, 0.2351391315460205
0.0731864720582962, -0.10928408801555634
0.10530654340982437, -0.08402671664953232
0.5920789837837219, -0.2697663903236389
0.612130880355835, -0.44505244493484497
0.5948304533958435, -0.50164395570755
0.46792781352996826, -0.46495160460472107
0.2595175504684448, -0.3784782588481903
0.12057863920927048, -0.3072410523891449
-0.38004106283187866, 0.1724422127008438
-0.3798636496067047, 0.2351391315460205
-0.3602479100227356, 0.3355522155761719
0.018979083746671677, 0.3951663672924042
0.10327913612127304, 0.3518456518650055
0.11664816737174988, 0.2771071195602417
0.11538530141115189, 0.21878167986869812
0.10530654340982437, -0.08402671664953232
0.0731864720582962, -0.10928408801555634
-0.15748700499534607, -0.10163553804159164
-0.3735080659389496, -0.07945015281438828
