-0.2159290760755539, 0.06294118613004684
0.01040104404091835, 0.06329598277807236
0.4108223021030426, 0.05048470199108124
0.38448262214660645, -0.02688225917518139
0.30431219935417175, -0.06268278509378433
0.053086817264556885, -0.06341493874788284
-0.2953861951828003, -0.061877161264419556
-0.369488000869751, -0.028972264379262924
-0.369488000869751, -0.028972264379262924
-0.2159290760755539, 0.06294118613004684
0.01040104404091835, 0.06329598277807236
0.4108223021030426, 0.05048470199108124
0.38448262214660645, -0.02688225917518139
0.30431219935417175, -0.06268278509378433
0.053086817264556885, -0.06341493874788284
-0.2953861951828003, -0.061877161264419556
