-0.11499183624982834, 0.08919297903776169
-0.01726977713406086, 0.1028183177113533
0.061314065009355545, 0.10244713723659515
0.16000916063785553, -0.04201945662498474
0.08233337104320526, -0.1116817370057106
0.0016621988033875823, -0.13671845197677612
-0.07930696755647659, -0.13633570075035095
-0.11499183624982834, 0.08919297903776169
-0.01726977713406086, 0.1028183177113533
0.061314065009355545, 0.10244713723659515
0.16000916063785553, -0.04201945662498474
0.08233337104320526, -0.1116817370057106
0.0016621988033875823, -0.13671845197677612
-0.07930696755647659, -0.13633570075035095
