-0.07436835020780563, -0.024666376411914825
-0.07193572074174881, 0.07203156501054764
-0.016897959634661674, 0.08537087589502335
0.057613082230091095, 0.10084899514913559
0.08487153798341751, -0.04412444308400154
0.05299611762166023, -0.10878870636224747
-0.06205634027719498, -0.09512143582105637
-0.07436835020780563, -0.024666376411914825
-0.07193572074174881, 0.07203156501054764
-0.016897959634661674, 0.08537087589502335
0.057613082230091095, 0.10084899514913559
0.08487153798341751, -0.04412444308400154
0.05299611762166023, -0.10878870636224747
-0.06205634027719498, -0.09512143582105637
