0.03537392616271973, 0.22982773184776306
0.13333414494991302, 0.2301735281944275
0.1415421962738037, 0.14433707296848297
0.1561698317527771, -0.16499777138233185
0.15632373094558716, -0.2515650987625122
0.06633087247610092, -0.25190502405166626
0.016231819987297058, -0.25109875202178955
-0.12910102307796478, -0.23145641386508942
-0.13725656270980835, -0.12868815660476685
-0.14192642271518707, 0.11807212233543396
-0.1426241099834442, 0.21527281403541565
-0.1426241099834442, 0.21527281403541565
0.03537392616271973, 0.22982773184776306
0.13333414494991302, 0.2301735281944275
0.1415421962738037, 0.14433707296848297
0.1561698317527771, -0.16499777138233185
0.15632373094558716, -0.2515650987625122
0.06633087247610092, -0.25190502405166626
0.016231819987297058, -0.25109875202178955
-0.12910102307796478, -0.23145641386508942
-0.13725656270980835, -0.12868815660476685
-0.14192642271518707, 0.11807212233543396
