-0.03903118520975113, 0.19270411133766174
0.03380720689892769, 0.23774945735931396
0.045104075223207474, 0.07846162468194962
0.039931513369083405, -0.12204369902610779
0.0333532877266407, -0.2145843803882599
-0.03840149566531181, -0.18294885754585266
-0.04967832937836647, -0.0840144231915474
-0.04681261628866196, 0.05707273259758949
-0.04967832937836647, -0.0840144231915474
-0.04681261628866196, 0.05707273259758949
-0.03903118520975113, 0.19270411133766174
0.03380720689892769, 0.23774945735931396
0.045104075223207474, 0.07846162468194962
0.039931513369083405, -0.12204369902610779
0.0333532877266407, -0.2145843803882599
-0.03840149566531181, -0.18294885754585266
