-0.20126046240329742, 0.2126031517982483
-0.11960116028785706, 0.22927182912826538
0.20724625885486603, 0.21374668180942535
0.23950476944446564, 0.1552862823009491
0.23614627122879028, -0.05734368786215782
0.2193749099969864, -0.11037975549697876
0.18645457923412323, -0.19840070605278015
0.1435054987668991, -0.2674332559108734
-0.05070383474230766, -0.2673946022987366
-0.12945061922073364, -0.2519739866256714
-0.18798261880874634, -0.21864965558052063
-0.21136505901813507, -0.17395782470703125
-0.23767471313476562, -0.10887660086154938
-0.24913282692432404, 0.1652582734823227
-0.24913282692432404, 0.1652582734823227
-0.20126046240329742, 0.2126031517982483
-0.11960116028785706, 0.22927182912826538
0.20724625885486603, 0.21374668180942535
0.23950476944446564, 0.1552862823009491
0.23614627122879028, -0.05734368786215782
0.2193749099969864, -0.11037975549697876
0.18645457923412323, -0.19840070605278015
0.1435054987668991, -0.2674332559108734
-0.05070383474230766, -0.2673946022987366
-0.12945061922073364, -0.2519739866256714
-0.18798261880874634, -0.21864965558052063
-0.21136505901813507, -0.17395782470703125
-0.23767471313476562, -0.10887660086154938
