-0.277788370847702, 0.21356189250946045
-0.20008786022663116, 0.22864115238189697
0.2047279328107834, 0.2245570421218872
0.20886822044849396, 0.019404171034693718
0.2097635716199875, -0.16658568382263184
0.1964169591665268, -0.26307353377342224
0.06421922892332077, -0.268327534198761
-0.122933529317379, -0.26703301072120667
-0.2623676359653473, 0.0701482966542244
-0.28175660967826843, 0.13267368078231812
-0.28175660967826843, 0.13267368078231812
-0.277788370847702, 0.21356189250946045
-0.20008786022663116, 0.22864115238189697
0.2047279328107834, 0.2245570421218872
0.20886822044849396, 0.019404171034693718
0.2097635716199875, -0.16658568382263184
0.1964169591665268, -0.26307353377342224
0.06421922892332077, -0.268327534198761
-0.122933529317379, -0.26703301072120667
-0.2623676359653473, 0.0701482966542244
