-0.3826116919517517, -0.06421761214733124
-0.34931761026382446, 0.2214820235967636
0.06325652450323105, 0.35998445749282837
0.2843593955039978, 0.222550168633461
0.282993346452713, -0.2227414846420288
0.07964685559272766, -0.22629377245903015
-0.17570750415325165, -0.22518789768218994
-0.2606562376022339, -0.1838095486164093
-0.34387075901031494, -0.11249947547912598
-0.3826116919517517, -0.06421761214733124
-0.34931761026382446, 0.2214820235967636
0.06325652450323105, 0.35998445749282837
0.2843593955039978, 0.222550168633461
0.282993346452713, -0.2227414846420288
0.07964685559272766, -0.22629377245903015
-0.17570750415325165, -0.22518789768218994
-0.2606562376022339, -0.1838095486164093
-0.34387075901031494, -0.11249947547912598
