-0.08770444244146347, 0.004397817421704531
-0.0359516479074955, 0.11708459258079529
0.037580449134111404, 0.07444818317890167
0.08261962234973907, 0.04549228399991989
0.0645972490310669, -0.052152540534734726
0.05039037764072418, -0.10620027035474777
-0.015291279181838036, -0.09281112998723984
-0.08109929412603378, -0.07730145007371902
-0.08770444244146347, 0.004397817421704531
-0.0359516479074955, 0.11708459258079529
0.037580449134111404, 0.07444818317890167
0.08261962234973907, 0.04549228399991989
0.0645972490310669, -0.052152540534734726
0.05039037764072418, -0.10620027035474777
-0.015291279181838036, -0.09281112998723984
-0.08109929412603378, -0.07730145007371902
