-0.204660564661026, 0.11644361913204193
-0.1679910272359848, 0.19456680119037628
0.16753146052360535, 0.19575554132461548
0.21405699849128723, 0.12081965804100037
0.23800937831401825, -0.015046954154968262
0.23236426711082458, -0.10789090394973755
0.20914648473262787, -0.1690315157175064
0.017080385237932205, -0.19715896248817444
-0.1603703796863556, -0.21404188871383667
-0.22304178774356842, -0.2107795774936676
-0.23730003833770752, 0.03553871065378189
-0.23730003833770752, 0.03553871065378189
-0.204660564661026, 0.11644361913204193
-0.1679910272359848, 0.19456680119037628
0.16753146052360535, 0.19575554132461548
0.21405699849128723, 0.12081965804100037
0.23800937831401825, -0.015046954154968262
0.23236426711082458, -0.10789090394973755
0.20914648473262787, -0.1690315157175064
0.017080385237932205, -0.19715896248817444
-0.1603703796863556, -0.21404188871383667
-0.22304178774356842, -0.2107795774936676
