-0.12015099823474884, 0.06601724773645401
-0.05243765935301781, 0.06526004523038864
0.13928446173667908, 0.05049440264701843
0.2065560221672058, 0.02755279280245304
0.184210866689682, -0.08386685699224472
-0.17344920337200165, -0.08422516286373138
-0.24608387053012848, -0.008663607761263847
-0.19626420736312866, 0.030094340443611145
-0.24608387053012848, -0.008663607761263847
-0.19626420736312866, 0.030094340443611145
-0.12015099823474884, 0.06601724773645401
-0.05243765935301781, 0.06526004523038864
0.13928446173667908, 0.05049440264701843
0.2065560221672058, 0.02755279280245304
0.184210866689682, -0.08386685699224472
-0.17344920337200165, -0.08422516286373138
