-0.24258433282375336, -0.0877734050154686
-0.2125454694032669, 0.09672121703624725
0.06593390554189682, 0.09972881525754929
0.2373269945383072, 0.09815434366464615
0.24128106236457825, 0.03158940002322197
0.23480992019176483, -0.03835265338420868
0.1757800579071045, -0.1413136124610901
-0.14157576858997345, -0.14980225265026093
-0.24258433282375336, -0.0877734050154686
-0.2125454694032669, 0.09672121703624725
0.06593390554189682, 0.09972881525754929
0.2373269945383072, 0.09815434366464615
0.24128106236457825, 0.03158940002322197
0.23480992019176483, -0.03835265338420868
0.1757800579071045, -0.1413136124610901
-0.14157576858997345, -0.14980225265026093
