-0.23119696974754333, 0.043788161128759384
-0.11614500731229782, 0.04839135333895683
0.23029327392578125, 0.048985157161951065
0.24302078783512115, -0.03566576912999153
0.1808169037103653, -0.042184848338365555
-0.19643960893154144, -0.042024627327919006
-0.24860751628875732, -0.03472517803311348
-0.24860751628875732, -0.03472517803311348
-0.23119696974754333, 0.043788161128759384
-0.11614500731229782, 0.04839135333895683
0.23029327392578125, 0.048985157161951065
0.24302078783512115, -0.03566576912999153
0.1808169037103653, -0.042184848338365555
-0.19643960893154144, -0.042024627327919006
