-0.22968001663684845, 0.1626976728439331
-0.21180792152881622, 0.2383085936307907
-0.0940903052687645, 0.2406008243560791
0.24887527525424957, 0.2386617511510849
0.2677738070487976, -0.21673943102359772
0.17162740230560303, -0.24042591452598572
-0.23229274153709412, -0.2395864725112915
-0.23173122107982635, 0.10178924351930618
-0.23229274153709412, -0.2395864725112915
-0.23173122107982635, 0.10178924351930618
-0.22968001663684845, 0.1626976728439331
-0.21180792152881622, 0.2383085936307907
-0.0940903052687645, 0.2406008243560791
0.24887527525424957, 0.2386617511510849
0.2677738070487976, -0.21673943102359772
0.17162740230560303, -0.24042591452598572
