-0.3063827455043793, -0.1457388550043106
-0.26442304253578186, 0.0383334681391716
-0.2532421052455902, 0.087382972240448
-0.08574003726243973, 0.5726064443588257
-0.04138919711112976, 0.4688189625740051
-0.04074869677424431, 0.40841230750083923
-0.02355777472257614, 0.33255472779273987
-0.015515884384512901, 0.24993671476840973
0.05880531296133995, 0.21111227571964264
0.120557501912117, 0.20876435935497284
0.13818998634815216, 0.20874622464179993
0.2004607915878296, 0.20872589945793152
0.27000609040260315, 0.15414519608020782
0.2765437364578247, 0.07158467918634415
0.2541459798812866, -0.0057225520722568035
0.27751654386520386, -0.06716277450323105
0.27607038617134094, -0.2092391550540924
0.2419707328081131, -0.2666473388671875
0.15661022067070007, -0.2531552314758301
0.0709870308637619, -0.2484135925769806
-0.0212883111089468, -0.25121036171913147
-0.07988236844539642, -0.22949345409870148
-0.1386793702840805, -0.25218620896339417
-0.22596906125545502, -0.24788232147693634
-0.28286680579185486, -0.2094990611076355
-0.3063827455043793, -0.1457388550043106
-0.26442304253578186, 0.0383334681391716
-0.015515884384512901, 0.24993671476840973
0.2004607915878296, 0.20872589945793152
0.27000609040260315, 0.15414519608020782
0.2765437364578247, 0.07158467918634415
0.27751654386520386, -0.06716277450323105
0.27607038617134094, -0.2092391550540924
0.2419707328081131, -0.2666473388671875
-0.1386793702840805, -0.25218620896339417
-0.22596906125545502, -0.24788232147693634
-0.28286680579185486, -0.2094990611076355
-0.26442304253578186, 0.0383334681391716
-0.2532421052455902, 0.087382972240448
-0.08574003726243973, 0.5726064443588257
-0.04138919711112976, 0.4688189625740051
-0.02355777472257614, 0.33255472779273987
-0.015515884384512901, 0.24993671476840973
