-0.6879375576972961, 0.16724269092082977
-0.5977939367294312, 0.2437049001455307
-0.3470606207847595, 0.24306565523147583
-0.29516828060150146, 0.2433406263589859
-0.22347109019756317, 0.20429088175296783
-0.16909821331501007, 0.14980967342853546
-0.05088173225522041, 0.1190740242600441
0.0011159955756738782, 0.1494331955909729
0.056820668280124664, 0.1545436829328537
0.10286277532577515, 0.130761981010437
0.17942388355731964, 0.12921324372291565
0.24344108998775482, 0.12982136011123657
0.29240623116493225, 0.10891202092170715
0.32854631543159485, 0.18699529767036438
0.3812282383441925, 0.2335241436958313
0.43242546916007996, 0.24408160150051117
0.5251122713088989, 0.24307388067245483
0.6027036309242249, 0.2439740151166916
0.7343696355819702, 0.22947527468204498
0.7592857480049133, 0.1791066825389862
0.7347453832626343, 0.054740723222494125
0.7494655251502991, -0.03934323415160179
0.7181618213653564, -0.16459007561206818
0.7228923439979553, -0.21779212355613708
0.6394975781440735, -0.21501752734184265
0.569421648979187, -0.24169081449508667
0.49567294120788574, -0.2349725067615509
0.4458090364933014, -0.24608752131462097
0.3735884726047516, -0.2354050874710083
0.31473538279533386, -0.23552539944648743
0.29254060983657837, -0.2586137354373932
0.250698447227478, -0.302140474319458
0.14257808029651642, -0.30175718665122986
0.08924798667430878, -0.2787611186504364
-0.016334716230630875, -0.2546584904193878
-0.10267899185419083, -0.23773135244846344
-0.2037269026041031, -0.19140245020389557
-0.2994671165943146, -0.18685467541217804
-0.403660386800766, -0.15728579461574554
-0.48593756556510925, -0.13701218366622925
-0.6708540320396423, -0.04054185375571251
-0.6894428133964539, 0.030404899269342422
-0.6697973608970642, 0.10891599953174591
0.29240623116493225, 0.10891202092170715
0.32854631543159485, 0.18699529767036438
0.3812282383441925, 0.2335241436958313
0.43242546916007996, 0.24408160150051117
0.6027036309242249, 0.2439740151166916
0.7343696355819702, 0.22947527468204498
0.7592857480049133, 0.1791066825389862
0.7494655251502991, -0.03934323415160179
0.7228923439979553, -0.21779212355613708
0.569421648979187, -0.24169081449508667
0.29254060983657837, -0.2586137354373932
-0.6894428133964539, 0.030404899269342422
-0.6879375576972961, 0.16724269092082977
-0.5977939367294312, 0.2437049001455307
-0.29516828060150146, 0.2433406263589859
0.24344108998775482, 0.12982136011123657
0.29240623116493225, 0.10891202092170715
0.29254060983657837, -0.2586137354373932
0.250698447227478, -0.302140474319458
0.14257808029651642, -0.30175718665122986
-0.2994671165943146, -0.18685467541217804
-0.48593756556510925, -0.13701218366622925
-0.6708540320396423, -0.04054185375571251
