-0.17931300401687622, -0.021547041833400726
-0.1694204956293106, 0.19272100925445557
0.14971452951431274, 0.19794543087482452
0.17549164593219757, 0.1514255255460739
0.19032824039459229, 0.058418504893779755
0.1918020099401474, -0.12431975454092026
0.14775395393371582, -0.19966083765029907
0.07737628370523453, -0.20245426893234253
0.02164449542760849, -0.2014920711517334
-0.16749152541160583, -0.18507103621959686
-0.17931300401687622, -0.021547041833400726
-0.1694204956293106, 0.19272100925445557
0.14971452951431274, 0.19794543087482452
0.17549164593219757, 0.1514255255460739
0.19032824039459229, 0.058418504893779755
0.1918020099401474, -0.12431975454092026
0.14775395393371582, -0.19966083765029907
0.07737628370523453, -0.20245426893234253
0.02164449542760849, -0.2014920711517334
-0.16749152541160583, -0.18507103621959686
