-0.18228664994239807, 0.05329865217208862
0.23399242758750916, 0.053601767867803574
0.2174985110759735, -0.06592265516519547
-0.10107032209634781, -0.06632370501756668
-0.24113193154335022, -0.0337379053235054
-0.2604035437107086, 0.036261964589357376
-0.2604035437107086, 0.036261964589357376
-0.18228664994239807, 0.05329865217208862
0.23399242758750916, 0.053601767867803574
0.2174985110759735, -0.06592265516519547
-0.10107032209634781, -0.06632370501756668
-0.24113193154335022, -0.0337379053235054
