-0.11286939680576324, 0.06109604984521866
0.08291969448328018, 0.061022497713565826
0.11194651573896408, 0.011129476130008698
0.1067705824971199, -0.09814169257879257
-0.05333302170038223, -0.09810259193181992
-0.1118917316198349, -0.05576624721288681
-0.11286939680576324, 0.06109604984521866
0.08291969448328018, 0.061022497713565826
0.11194651573896408, 0.011129476130008698
0.1067705824971199, -0.09814169257879257
-0.05333302170038223, -0.09810259193181992
-0.1118917316198349, -0.05576624721288681
