-0.47777223587036133, 0.18693776428699493
-0.4422004520893097, 0.27690383791923523
-0.32228487730026245, 0.2981214225292206
-0.2463885098695755, 0.3019940257072449
0.013511033728718758, 0.2767459452152252
0.4979272186756134, 0.20202533900737762
0.5789710283279419, 0.0011829051654785872
0.5165970921516418, -0.2719750702381134
0.4689778685569763, -0.2985811233520508
0.2062707394361496, -0.29891151189804077
-0.06340651959180832, -0.2986621558666229
-0.30286258459091187, -0.2908822000026703
-0.40216565132141113, -0.26848700642585754
-0.48042401671409607, -0.2046976238489151
-0.48042401671409607, -0.2046976238489151
-0.47777223587036133, 0.18693776428699493
-0.4422004520893097, 0.27690383791923523
-0.32228487730026245, 0.2981214225292206
-0.2463885098695755, 0.3019940257072449
0.013511033728718758, 0.2767459452152252
0.4979272186756134, 0.20202533900737762
0.5789710283279419, 0.0011829051654785872
0.5165970921516418, -0.2719750702381134
0.4689778685569763, -0.2985811233520508
0.2062707394361496, -0.29891151189804077
-0.06340651959180832, -0.2986621558666229
-0.30286258459091187, -0.2908822000026703
-0.40216565132141113, -0.26848700642585754
