-0.4799547791481018, 0.13244622945785522
-0.4710182845592499, 0.20184655487537384
-0.3450901508331299, 0.23856522142887115
-0.24965737760066986, 0.23868028819561005
0.26955723762512207, 0.2389935851097107
0.518090009689331, 0.23897682130336761
0.5183384418487549, -0.05047651007771492
0.5184135437011719, -0.24341751635074615
0.3790321350097656, -0.24513861536979675
-0.4441922605037689, -0.22136467695236206
-0.47424742579460144, -0.054749660193920135
-0.4799547791481018, 0.13244622945785522
-0.4710182845592499, 0.20184655487537384
-0.3450901508331299, 0.23856522142887115
-0.24965737760066986, 0.23868028819561005
0.26955723762512207, 0.2389935851097107
0.518090009689331, 0.23897682130336761
0.5183384418487549, -0.05047651007771492
0.5184135437011719, -0.24341751635074615
0.3790321350097656, -0.24513861536979675
-0.4441922605037689, -0.22136467695236206
-0.47424742579460144, -0.054749660193920135
