-0.503212034702301, 0.06008065491914749
-0.12482867389917374, 0.09226463735103607
0.42953231930732727, 0.09181798249483109
0.4776025712490082, 0.02436675690114498
0.4770716428756714, -0.07877883315086365
0.2982296943664551, -0.08508360385894775
-0.12423896044492722, -0.08455939590930939
-0.5036528706550598, -0.08033881336450577
-0.5068472027778625, 0.0042069293558597565
-0.5068472027778625, 0.0042069293558597565
-0.503212034702301, 0.06008065491914749
-0.12482867389917374, 0.09226463735103607
0.42953231930732727, 0.09181798249483109
0.4776025712490082, 0.02436675690114498
0.4770716428756714, -0.07877883315086365
0.2982296943664551, -0.08508360385894775
-0.12423896044492722, -0.08455939590930939
-0.5036528706550598, -0.08033881336450577
