-0.2524939179420471, 0.25189170241355896
-0.12425363063812256, 0.25684601068496704
-0.06160813942551613, 0.25801464915275574
0.13464508950710297, 0.2580713629722595
0.23488131165504456, 0.2528606057167053
0.2612774968147278, 0.19352617859840393
0.26268303394317627, -0.10791522264480591
0.25537949800491333, -0.23405303061008453
0.056306175887584686, -0.2793753743171692
-0.04095090925693512, -0.28014519810676575
-0.1380407214164734, -0.2785074710845947
-0.20226547122001648, -0.23869091272354126
-0.2612679898738861, -0.1980050951242447
-0.263576477766037, -0.10940730571746826
-0.263576477766037, -0.10940730571746826
-0.2524939179420471, 0.25189170241355896
-0.12425363063812256, 0.25684601068496704
-0.06160813942551613, 0.25801464915275574
0.13464508950710297, 0.2580713629722595
0.23488131165504456, 0.2528606057167053
0.2612774968147278, 0.19352617859840393
0.26268303394317627, -0.10791522264480591
0.25537949800491333, -0.23405303061008453
0.056306175887584686, -0.2793753743171692
-0.04095090925693512, -0.28014519810676575
-0.1380407214164734, -0.2785074710845947
-0.20226547122001648, -0.23869091272354126
-0.2612679898738861, -0.1980050951242447
