-0.12443558871746063, -0.09196268022060394
-0.12441873550415039, 0.15161675214767456
0.1262308806180954, 0.15347130596637726
0.12605546414852142, -0.10468342900276184
0.10080637037754059, -0.16671739518642426
-0.11828748881816864, -0.16667743027210236
-0.12443558871746063, -0.09196268022060394
-0.12441873550415039, 0.15161675214767456
0.1262308806180954, 0.15347130596637726
0.12605546414852142, -0.10468342900276184
0.10080637037754059, -0.16671739518642426
-0.11828748881816864, -0.16667743027210236
