-0.5988123416900635, -0.1067543774843216
-0.5838620662689209, 0.07373996078968048
-0.5415439605712891, 0.13620096445083618
-0.421712189912796, 0.13286034762859344
-0.36290594935417175, 0.13283248245716095
-0.30347195267677307, 0.1328672617673874
-0.2226543426513672, 0.11104101687669754
-0.14350008964538574, 0.1367178112268448
-0.05905497819185257, 0.1653655618429184
0.003115188330411911, 0.20146481692790985
0.05798296630382538, 0.2299973964691162
0.11763224005699158, 0.2626498341560364
0.16571176052093506, 0.29037946462631226
0.28330308198928833, 0.3616228699684143
0.34325817227363586, 0.3890734910964966
0.3827835023403168, 0.32386869192123413
0.39387452602386475, 0.22846101224422455
0.37977099418640137, 0.15432706475257874
0.3767642080783844, 0.11119566857814789
0.4177878201007843, 0.044391412287950516
0.391583651304245, -0.02419072575867176
0.3925636112689972, -0.08522721379995346
0.39171114563941956, -0.1407666802406311
0.3554261326789856, -0.2517766058444977
0.27987465262413025, -0.2508860230445862
0.17712587118148804, -0.25101613998413086
0.08189385384321213, -0.2558850347995758
-0.023372888565063477, -0.25075584650039673
-0.10075996816158295, -0.17830796539783478
-0.14566828310489655, -0.15833356976509094
-0.18179824948310852, -0.14226362109184265
-0.34143581986427307, -0.14221887290477753
-0.44134894013404846, -0.1422940343618393
-0.5018490552902222, -0.14384818077087402
-0.2226543426513672, 0.11104101687669754
0.28330308198928833, 0.3616228699684143
0.34325817227363586, 0.3890734910964966
0.3827835023403168, 0.32386869192123413
0.4177878201007843, 0.044391412287950516
0.39171114563941956, -0.1407666802406311
0.3554261326789856, -0.2517766058444977
0.08189385384321213, -0.2558850347995758
-0.023372888565063477, -0.25075584650039673
-0.14566828310489655, -0.15833356976509094
-0.5988123416900635, -0.1067543774843216
-0.5838620662689209, 0.07373996078968048
-0.5415439605712891, 0.13620096445083618
-0.30347195267677307, 0.1328672617673874
-0.2226543426513672, 0.11104101687669754
-0.14566828310489655, -0.15833356976509094
-0.5018490552902222, -0.14384818077087402
