-0.15030747652053833, 0.026907922700047493
-0.13156244158744812, 0.07363533973693848
0.14572037756443024, 0.09550023078918457
0.1564665138721466, 0.03345632180571556
0.12376577407121658, -0.08658948540687561
0.025211280211806297, -0.08294989913702011
-0.1460384726524353, -0.07316974550485611
-0.15030747652053833, 0.026907922700047493
-0.13156244158744812, 0.07363533973693848
0.14572037756443024, 0.09550023078918457
0.1564665138721466, 0.03345632180571556
0.12376577407121658, -0.08658948540687561
0.025211280211806297, -0.08294989913702011
-0.1460384726524353, -0.07316974550485611
