-0.10291580110788345, 0.030844422057271004
-0.060940083116292953, 0.09830332547426224
0.016668399795889854, 0.21485617756843567
0.09165547043085098, 0.21496757864952087
0.14825066924095154, 0.14518626034259796
0.13105130195617676, -0.029518425464630127
0.09130936115980148, -0.12868377566337585
-0.20349349081516266, -0.13312022387981415
-0.20349349081516266, -0.13312022387981415
-0.10291580110788345, 0.030844422057271004
-0.060940083116292953, 0.09830332547426224
0.016668399795889854, 0.21485617756843567
0.09165547043085098, 0.21496757864952087
0.14825066924095154, 0.14518626034259796
0.13105130195617676, -0.029518425464630127
0.09130936115980148, -0.12868377566337585
