-0.04930578172206879, 0.20866592228412628
-0.02521500550210476, 0.25347527861595154
0.04169859737157822, 0.2372674196958542
0.04691493883728981, 0.1517336368560791
0.050531692802906036, 0.054263822734355927
0.044674620032310486, -0.12910595536231995
0.03775222226977348, -0.23995454609394073
-0.03532492741942406, -0.23839020729064941
-0.04938807711005211, -0.11488858610391617
-0.04938807711005211, -0.11488858610391617
-0.04930578172206879, 0.20866592228412628
-0.02521500550210476, 0.25347527861595154
0.04169859737157822, 0.2372674196958542
0.04691493883728981, 0.1517336368560791
0.050531692802906036, 0.054263822734355927
0.044674620032310486, -0.12910595536231995
0.03775222226977348, -0.23995454609394073
-0.03532492741942406, -0.23839020729064941
