-0.2341088205575943, 0.1561398208141327
-0.16505210101604462, 0.15820558369159698
0.1346876621246338, 0.15761546790599823
0.20533911883831024, 0.15639355778694153
0.22452381253242493, 0.07230512797832489
0.22343234717845917, -0.09803512692451477
0.21090541779994965, -0.17814654111862183
0.12664681673049927, -0.17830632627010345
0.002556555438786745, -0.17428940534591675
-0.1598440557718277, -0.1627739518880844
-0.22643476724624634, -0.125788614153862
-0.23568378388881683, 0.07751375436782837
-0.23568378388881683, 0.07751375436782837
-0.2341088205575943, 0.1561398208141327
-0.16505210101604462, 0.15820558369159698
0.1346876621246338, 0.15761546790599823
0.20533911883831024, 0.15639355778694153
0.22452381253242493, 0.07230512797832489
0.22343234717845917, -0.09803512692451477
0.21090541779994965, -0.17814654111862183
0.12664681673049927, -0.17830632627010345
0.002556555438786745, -0.17428940534591675
-0.1598440557718277, -0.1627739518880844
-0.22643476724624634, -0.125788614153862
