-0.11320975422859192, 0.06476165354251862
-0.007545961067080498, 0.06940437853336334
0.12080703675746918, 0.06469524651765823
0.11706773936748505, -0.03281747177243233
0.0637814849615097, -0.050288308411836624
-0.07224803417921066, -0.05027543380856514
-0.11320975422859192, 0.06476165354251862
-0.007545961067080498, 0.06940437853336334
0.12080703675746918, 0.06469524651765823
0.11706773936748505, -0.03281747177243233
0.0637814849615097, -0.050288308411836624
-0.07224803417921066, -0.05027543380856514
