-0.0623680055141449, -0.10733573138713837
-0.012799137271940708, 0.2711334526538849
0.037762731313705444, 0.2351662814617157
0.03837079554796219, 0.06588868051767349
0.037276867777109146, -0.03329211100935936
0.012228604406118393, -0.2218182384967804
-0.047921255230903625, -0.21949662268161774
-0.0623680055141449, -0.10733573138713837
-0.012799137271940708, 0.2711334526538849
0.037762731313705444, 0.2351662814617157
0.03837079554796219, 0.06588868051767349
0.037276867777109146, -0.03329211100935936
0.012228604406118393, -0.2218182384967804
-0.047921255230903625, -0.21949662268161774
