-0.2401902824640274, 0.1255812644958496
-0.2322915494441986, 0.2155856341123581
-0.02081366255879402, 0.2547137141227722
0.1181558296084404, 0.25440505146980286
0.19357642531394958, 0.24186037480831146
0.23615193367004395, 0.18986903131008148
0.04377131164073944, 0.05465224012732506
0.04346303641796112, -0.04154575988650322
0.059501685202121735, -0.04962087795138359
0.08681228011846542, -0.0611400306224823
0.24006867408752441, -0.1777081936597824
0.18362769484519958, -0.22732987999916077
0.06332648545503616, -0.23216591775417328
-0.03235669434070587, -0.23981301486492157
-0.09832897782325745, -0.2279961109161377
-0.20789317786693573, -0.23421816527843475
-0.22994060814380646, -0.17724856734275818
-0.19376496970653534, -0.12459521740674973
-0.17116175591945648, -0.04383270442485809
-0.15988770127296448, -0.0035499485675245523
-0.16106024384498596, 0.01291393768042326
-0.21352817118167877, 0.08091828227043152
-0.22994060814380646, -0.17724856734275818
-0.17116175591945648, -0.04383270442485809
0.04346303641796112, -0.04154575988650322
0.08681228011846542, -0.0611400306224823
0.24006867408752441, -0.1777081936597824
0.18362769484519958, -0.22732987999916077
-0.03235669434070587, -0.23981301486492157
-0.20789317786693573, -0.23421816527843475
-0.2401902824640274, 0.1255812644958496
-0.2322915494441986, 0.2155856341123581
-0.02081366255879402, 0.2547137141227722
0.1181558296084404, 0.25440505146980286
0.19357642531394958, 0.24186037480831146
0.23615193367004395, 0.18986903131008148
0.04346303641796112, -0.04154575988650322
-0.17116175591945648, -0.04383270442485809
