-0.23427841067314148, 0.09790803492069244
0.23109027743339539, 0.1013462096452713
0.2575986385345459, 0.01970812864601612
0.26334959268569946, -0.061569806188344955
0.21398282051086426, -0.07186605781316757
0.1589597463607788, -0.07311011850833893
-0.142619788646698, -0.07263582199811935
-0.23154324293136597, -0.06650562584400177
-0.23427841067314148, 0.09790803492069244
0.23109027743339539, 0.1013462096452713
0.2575986385345459, 0.01970812864601612
0.26334959268569946, -0.061569806188344955
0.21398282051086426, -0.07186605781316757
0.1589597463607788, -0.07311011850833893
-0.142619788646698, -0.07263582199811935
-0.23154324293136597, -0.06650562584400177
