-0.027917135506868362, 0.010862309485673904
0.19013096392154694, 0.011147165670990944
0.2673419117927551, -0.01880147121846676
0.05083054304122925, -0.018496016040444374
-0.09648814052343369, -0.018585648387670517
-0.23091250658035278, -0.056646425276994705
-0.17439863085746765, 0.010904761031270027
-0.027917135506868362, 0.010862309485673904
0.19013096392154694, 0.011147165670990944
0.2673419117927551, -0.01880147121846676
0.05083054304122925, -0.018496016040444374
-0.23091250658035278, -0.056646425276994705
-0.17439863085746765, 0.010904761031270027
-0.09648814052343369, -0.018585648387670517
