-0.4176851212978363, 0.10723607242107391
-0.3280581831932068, 0.1127241998910904
-0.2770468294620514, 0.11237197369337082
-0.20474863052368164, 0.1123376190662384
-0.13606508076190948, 0.1803695559501648
-0.13588754832744598, 0.20301634073257446
-0.13621045649051666, 0.30843019485473633
-0.0172104611992836, 0.3124796748161316
0.2517838478088379, 0.31178709864616394
0.33021095395088196, 0.294124960899353
0.3485535681247711, 0.20473484694957733
0.31873998045921326, 0.15935032069683075
0.33830103278160095, 0.09567245841026306
0.3524858057498932, 0.03690958768129349
0.325484037399292, -0.03181416913866997
0.3257367014884949, -0.09631283581256866
0.3489867150783539, -0.2641196846961975
0.24677380919456482, -0.2727256119251251
0.18512842059135437, -0.27233558893203735
0.09493866562843323, -0.28784435987472534
0.04531304910778999, -0.2719346582889557
0.023979313671588898, -0.27330586314201355
-0.04083508625626564, -0.27747178077697754
-0.15831270813941956, -0.2652089297771454
-0.17981772124767303, -0.26338279247283936
-0.2714875042438507, -0.28840914368629456
-0.29202261567115784, -0.22294467687606812
-0.2929534614086151, -0.07872792333364487
-0.35343870520591736, -0.030891835689544678
-0.555000364780426, 0.06004287675023079
-0.20474863052368164, 0.1123376190662384
-0.13621045649051666, 0.30843019485473633
-0.0172104611992836, 0.3124796748161316
0.2517838478088379, 0.31178709864616394
0.33021095395088196, 0.294124960899353
0.3485535681247711, 0.20473484694957733
0.3524858057498932, 0.03690958768129349
0.3489867150783539, -0.2641196846961975
0.09493866562843323, -0.28784435987472534
0.023979313671588898, -0.27330586314201355
-0.555000364780426, 0.06004287675023079
-0.4176851212978363, 0.10723607242107391
-0.3280581831932068, 0.1127241998910904
-0.20474863052368164, 0.1123376190662384
-0.15702275931835175, 0.031870096921920776
-0.2929534614086151, -0.07872792333364487
-0.2929534614086151, -0.07872792333364487
-0.15702275931835175, 0.031870096921920776
0.023979313671588898, -0.27330586314201355
-0.04083508625626564, -0.27747178077697754
-0.2714875042438507, -0.28840914368629456
-0.29202261567115784, -0.22294467687606812
